1 61 0.25 280
1 61 0.25 7120
1 61 0.25 7280
1 61 0.25 280
1 61 0.25 320
1 61 0.25 140
1 61 0.25 320
1 61 0.25 280
1 61 0.25 160
1 61 0.25 7240
1 61 0.25 7200
1 61 0.25 160
1 61 0.25 7200
1 61 0.25 7160
1 61 0.25 320
1 61 0.25 240
1 61 0.25 200
1 61 0.25 7240
1 61 0.25 320
1 61 0.25 7280
1 61 0.25 240
1 61 0.25 200
1 61 0.25 0.2
1 61 0.25 0.36
1 61 0.25 0.18
1 61 0.25 0.28
1 61 0.25 7.28
1 61 0.25 7.32
1 61 0.25 7.2
1 61 0.25 7.32
1 61 0.25 7.2
1 61 0.25 0.2
1 61 0.25 7.32
1 61 0.25 0.24
1 61 0.25 0.32
1 61 0.25 0.36
1 61 0.25 7.28
1 61 0.25 7.2
1 61 0.25 3.52
1 61 0.25 0.2
1 61 0.25 0.32
1 61 0.25 0.32
